0.000000000000000000e+00 1.176405234596766469e+01 1.000000000000000000e+00
1.000000000000000056e-01 1.040015720836722402e+01 1.000000000000000000e+00
2.000000000000000111e-01 1.097873798410573976e+01 1.000000000000000000e+00
3.000000000000000444e-01 1.224089319920145869e+01 1.000000000000000000e+00
4.000000000000000222e-01 1.186755799014996704e+01 1.000000000000000000e+00
5.000000000000000000e-01 9.022722120123589207e+00 1.000000000000000000e+00
6.000000000000000888e-01 1.095008841752559015e+01 1.000000000000000000e+00
7.000000000000000666e-01 9.848642791702301835e+00 1.000000000000000000e+00
8.000000000000000444e-01 9.896781148206441614e+00 1.000000000000000000e+00
9.000000000000000222e-01 1.041059850193837200e+01 1.000000000000000000e+00
1.000000000000000000e+00 1.014404357116087851e+01 1.000000000000000000e+00
1.100000000000000089e+00 1.145427350696297530e+01 1.000000000000000000e+00
1.200000000000000178e+00 1.076103772514699308e+01 1.000000000000000000e+00
1.300000000000000044e+00 1.012167501649282819e+01 1.000000000000000000e+00
1.400000000000000133e+00 1.044386323274542505e+01 1.000000000000000000e+00
1.500000000000000000e+00 1.033367432737426661e+01 1.000000000000000000e+00
1.600000000000000089e+00 1.149407907315760546e+01 1.000000000000000000e+00
1.700000000000000178e+00 9.794841736234198848e+00 1.000000000000000000e+00
1.800000000000000044e+00 1.031306770165090114e+01 1.000000000000000000e+00
1.900000000000000133e+00 9.145904260698275223e+00 1.000000000000000000e+00
2.000000000000000000e+00 7.447010184165921309e+00 1.000000000000000000e+00
2.100000000000000089e+00 1.065361859544035994e+01 1.000000000000000000e+00
2.200000000000000178e+00 1.086443619885950618e+01 1.000000000000000000e+00
2.300000000000000266e+00 9.257834979593557279e+00 1.000000000000000000e+00
2.400000000000000355e+00 1.226975462398760719e+01 1.000000000000000000e+00
2.500000000000000000e+00 8.545634325401234577e+00 1.000000000000000000e+00
2.600000000000000089e+00 5.045758517301446311e+00 1.000000000000000000e+00
2.700000000000000178e+00 4.812816149974166180e+00 1.000000000000000000e+00
2.800000000000000266e+00 6.532779214358457764e+00 1.000000000000000000e+00
2.900000000000000355e+00 6.469358769900285466e+00 1.000000000000000000e+00
3.000000000000000000e+00 5.154947425696915886e+00 1.000000000000000000e+00
3.100000000000000089e+00 5.378162519602173397e+00 1.000000000000000000e+00
3.200000000000000178e+00 4.112214252369887468e+00 1.000000000000000000e+00
3.300000000000000266e+00 3.019203531776073035e+00 1.000000000000000000e+00
3.400000000000000355e+00 4.652087850673847669e+00 1.000000000000000000e+00
3.500000000000000000e+00 5.156348969103979663e+00 1.000000000000000000e+00
3.600000000000000089e+00 6.230290680727720520e+00 1.000000000000000000e+00
3.700000000000000178e+00 6.202379848784411287e+00 1.000000000000000000e+00
3.800000000000000266e+00 4.612673182592047283e+00 1.000000000000000000e+00
3.900000000000000355e+00 4.697697249424664712e+00 1.000000000000000000e+00
4.000000000000000000e+00 3.951447034932907165e+00 1.000000000000000000e+00
4.100000000000000533e+00 3.579982062821025046e+00 1.000000000000000000e+00
4.200000000000000178e+00 3.293729809374987383e+00 1.000000000000000000e+00
4.299999999999999822e+00 6.950775395231789666e+00 1.000000000000000000e+00
4.400000000000000355e+00 4.490347818248346279e+00 1.000000000000000000e+00
4.500000000000000000e+00 9.561925698388813899e+00 1.000000000000000000e+00
4.600000000000000533e+00 8.747204639950073357e+00 1.000000000000000000e+00
4.700000000000000178e+00 1.077749035583190995e+01 1.000000000000000000e+00
4.800000000000000711e+00 8.386102152442049373e+00 1.000000000000000000e+00
4.900000000000000355e+00 9.787259719786030487e+00 1.000000000000000000e+00
5.000000000000000000e+00 9.104533438806324597e+00 1.000000000000000000e+00
5.100000000000000533e+00 1.038690249785926234e+01 1.000000000000000000e+00
5.200000000000000178e+00 9.489194862431126865e+00 1.000000000000000000e+00
5.300000000000000711e+00 8.819367815877587446e+00 1.000000000000000000e+00
5.400000000000000355e+00 9.971817771661344310e+00 1.000000000000000000e+00
5.500000000000000000e+00 1.042833187053041755e+01 1.000000000000000000e+00
5.600000000000000533e+00 1.006651722238316715e+01 1.000000000000000000e+00
5.700000000000000178e+00 1.030247189773978178e+01 1.000000000000000000e+00
5.800000000000000711e+00 9.365677906319035628e+00 1.000000000000000000e+00
5.900000000000000355e+00 9.637258834012861541e+00 1.000000000000000000e+00
6.000000000000000000e+00 9.327539552224049402e+00 1.000000000000000000e+00
6.100000000000000533e+00 9.640446838459459045e+00 1.000000000000000000e+00
6.200000000000000178e+00 9.186853717955546728e+00 1.000000000000000000e+00
6.300000000000000711e+00 8.273717397668322704e+00 1.000000000000000000e+00
6.400000000000000355e+00 1.017742614225375242e+01 1.000000000000000000e+00
6.500000000000000000e+00 9.598219063791738392e+00 1.000000000000000000e+00
6.600000000000000533e+00 8.369801653033954736e+00 1.000000000000000000e+00
6.700000000000000178e+00 1.046278225552577368e+01 1.000000000000000000e+00
6.800000000000000711e+00 9.092701635616757372e+00 1.000000000000000000e+00
6.900000000000000355e+00 1.005194539579613888e+01 1.000000000000000000e+00
7.000000000000000000e+00 1.072909056217753765e+01 1.000000000000000000e+00
7.100000000000000533e+00 1.012898291075741142e+01 1.000000000000000000e+00
7.200000000000000178e+00 1.113940068454330046e+01 1.000000000000000000e+00
7.300000000000000711e+00 8.765174179646347596e+00 1.000000000000000000e+00
7.400000000000000355e+00 1.040234164117754823e+01 1.000000000000000000e+00
7.500000000000000000e+00 9.315189909059686357e+00 1.000000000000000000e+00
7.600000000000000533e+00 9.129202850818117554e+00 1.000000000000000000e+00
7.700000000000000178e+00 9.421150335235584095e+00 1.000000000000000000e+00
7.800000000000000711e+00 9.688447467872627783e+00 1.000000000000000000e+00
7.900000000000000355e+00 1.005616534222974501e+01 1.000000000000000000e+00
8.000000000000000000e+00 8.834850159216642851e+00 1.000000000000000000e+00
8.099999999999999645e+00 1.090082648695418754e+01 1.000000000000000000e+00
8.200000000000001066e+00 1.046566243973046006e+01 1.000000000000000000e+00
8.300000000000000711e+00 8.463756313722775815e+00 1.000000000000000000e+00
8.400000000000000355e+00 1.148825219379559925e+01 1.000000000000000000e+00
8.500000000000000000e+00 1.189588917603058249e+01 1.000000000000000000e+00
8.599999999999999645e+00 1.117877957115965160e+01 1.000000000000000000e+00
8.700000000000001066e+00 9.820075164187649364e+00 1.000000000000000000e+00
8.800000000000000711e+00 8.929247378489456821e+00 1.000000000000000000e+00
8.900000000000000355e+00 1.105445172693113598e+01 1.000000000000000000e+00
9.000000000000000000e+00 9.596823053026820816e+00 1.000000000000000000e+00
9.099999999999999645e+00 1.122244507038242745e+01 1.000000000000000000e+00
9.200000000000001066e+00 1.020827497807685980e+01 1.000000000000000000e+00
9.300000000000000711e+00 1.097663903648371253e+01 1.000000000000000000e+00
9.400000000000000355e+00 1.035636639717440133e+01 1.000000000000000000e+00
9.500000000000000000e+00 1.070657316819194804e+01 1.000000000000000000e+00
9.600000000000001421e+00 1.001050002072082101e+01 1.000000000000000000e+00
9.700000000000001066e+00 1.178587049390583452e+01 1.000000000000000000e+00
9.800000000000000711e+00 1.012691209270361981e+01 1.000000000000000000e+00
9.900000000000000355e+00 1.040198936344470226e+01 1.000000000000000000e+00
1.000000000000000000e+01 1.188315069705625504e+01 1.000000000000000000e+00
